0
4360 0
-1 -1 0
-1 -1 11070 0
-1 -1 -1 5470 0
-1 -1 -1 -1 4270 0
4370 5660 -1 -1 -1 -1 0
-1 5790 7020 -1 -1 -1 10390 0
-1 -1 4680 -1 -1 -1 -1 3570 0
-1 -1 -1 11850 -1 -1 -1 -1 -1 0
-1 -1 -1 6910 4150 6570 -1 -1 -1 5160 0
-1 -1 -1 -1 -1 9460 -1 -1 -1 -1 8830 0
-1 -1 -1 -1 -1 -1 6480 -1 -1 -1 -1 -1 0
-1 -1 -1 -1 -1 -1 6310 9520 -1 -1 -1 -1 3060 0
-1 -1 5870 -1 -1 -1 -1 -1 6160 4650 -1 -1 -1 6500 0
-1 -1 -1 -1 -1 -1 -1 -1 -1 -1 -1 -1 -1 -1 6950 0
-1 -1 -1 -1 -1 -1 -1 -1 -1 -1 -1 1780 -1 -1 -1 5280 0
-1 -1 -1 -1 -1 -1 -1 -1 -1 -1 -1 4710 -1 -1 -1 -1 9040 0